image_width: 640
image_height: 480
camera_name: camera
camera_matrix:
  rows: 3
  cols: 3
  data: [605.2393941614854, 0, 321.6073617761273, 0, 608.3859761086476, 261.0204157075373, 0, 0, 1]
distortion_model: plumb_bob
distortion_coefficients:
  rows: 1
  cols: 5
  data: [0.1028214537350348, -0.126503384160276, 0.008839330503199466, 0.001519730184677905, 0]
rectification_matrix:
  rows: 3
  cols: 3
  data: [1, 0, 0, 0, 1, 0, 0, 0, 1]
projection_matrix:
  rows: 3
  cols: 4
  data: [620.5715942382812, 0, 321.9359845881263, 0, 0, 619.8544311523438, 264.1047424998851, 0, 0, 0, 1, 0]